0 57
1 62
2 59
3 50
4 64
5 60
6 60
7 35
8 62
9 61
10 64
11 64
12 64
13 57
14 47
15 62
16 51
17 46
18 54
19 60
20 53
21 62
22 58
23 50
24 48
25 49
26 63
27 53
28 56
29 45
30 63
31 37
32 64
33 59
34 62
35 63
36 63
37 63
38 63
39 64
40 60
41 53
42 64
43 56
44 53
45 56
46 53
47 45
48 59
49 64
50 59
51 54
52 61
53 56
54 41
55 64
56 57
57 62
58 50
59 56
60 64
61 52
62 54
63 54
64 57
65 60
66 62
67 48
68 63
69 50
70 64
71 35
72 52
73 64
74 24
75 46
76 63
77 61
78 51
79 60
80 63
81 57
82 60
83 64
84 60
85 60
86 61
87 49
88 57
89 58
90 53
91 49
92 57
93 62
94 50
95 50
96 62
97 60
98 32
99 57
100 59
101 64
102 39
103 47
104 18
105 57
106 64
107 42
108 52
109 57
110 63
111 64
112 58
113 63
114 56
115 51
116 64
117 40
118 60
119 59
120 56
121 27
122 63
123 48
124 58
125 49
126 64
127 60
128 63
129 43
130 30
131 52
132 57
133 50
134 59
135 62
136 55
137 64
138 45
139 61
140 50
141 53
142 59
143 49
144 64
145 59
146 58
147 53
148 62
149 52
150 44
151 54
152 60
153 61
154 58
155 58
156 64
157 60
158 27
159 64
160 39
161 43
162 50
163 58
164 64
165 64
166 63
167 57
168 62
169 49
170 57
171 64
172 64
173 62
174 59
175 64
176 52
177 56
178 48
179 61
180 48
181 56
182 60
183 63
184 56
185 53
186 46
187 51
188 64
189 47
190 44
191 46
192 63
193 54
194 58
195 55
196 64
197 35
198 34
199 61
200 54
201 59
202 56
203 61
204 58
205 57
206 57
207 58
208 62
209 44
210 37
211 53
212 63
213 35
214 64
215 51
216 40
217 54
218 43
219 62
220 64
221 60
222 53
223 55
224 61
225 55
226 62
227 54
228 56
229 57
230 59
231 61
232 64
233 54
234 37
235 64
236 63
237 57
238 60
239 61
240 64
241 63
242 57
243 54
244 47
245 49
246 39
247 63
248 62
249 62
250 47
251 63
252 63
253 60
254 38
255 62
256 58
257 38
258 42
259 64
260 61
261 57
262 61
263 55
264 59
265 53
266 64
267 51
268 35
269 58
270 63
271 45
272 62
273 41
274 64
275 32
276 59
277 56
278 50
279 64
280 61
281 64
282 53
283 35
284 60
285 53
286 58
287 47
288 52
289 57
290 55
291 61
292 55
293 64
294 57
295 40
296 62
297 64
298 61
299 53
300 61
301 56
302 63
303 59
304 41
305 60
306 56
307 55
308 63
309 50
310 60
311 60
312 63
313 63
314 53
315 63
316 33
317 61
318 54
319 49
320 64
321 64
322 54
323 61
324 46
325 64
326 45
327 39
328 63
329 53
330 26
331 64
332 60
333 29
334 55
335 61
336 47
337 51
338 58
339 52
340 61
341 58
342 60
343 55
344 60
345 57
346 62
347 57
348 63
349 58
350 55
351 57
352 64
353 48
354 50
355 50
356 61
357 61
358 64
359 53
360 64
361 53
362 63
363 60
364 60
365 56
366 50
367 53
368 52
369 63
370 62
371 63
372 43
373 61
374 63
375 44
376 64
377 53
378 47
379 58
380 51
381 60
382 56
383 63
384 63
385 60
386 46
387 61
388 54
389 57
390 42
391 59
392 50
393 64
394 60
395 50
396 62
397 40
398 60
399 54
400 61
401 63
402 46
403 57
404 59
405 50
406 46
407 47
408 59
409 57
410 53
411 27
412 64
413 56
414 62
415 50
416 61
417 57
418 51
419 64
420 64
421 50
422 55
423 58
424 37
425 62
426 61
427 54
428 55
429 62
430 63
431 37
432 57
433 64
434 61
435 50
436 63
437 46
438 62
439 40
440 57
441 59
442 48
443 54
444 62
445 45
446 64
447 64
448 38
449 64
450 62
451 61
452 54
453 59
454 33
455 58
456 64
457 59
458 37
459 58
460 62
461 62
462 63
463 43
464 61
465 64
466 57
467 58
468 64
469 49
470 60
471 48
472 59
473 55
474 52
475 64
476 55
477 62
478 44
479 60
480 63
481 52
482 59
483 64
484 62
485 48
486 64
487 52
488 63
489 61
490 39
491 51
492 55
493 63
494 47
495 54
496 64
497 52
498 61
499 63
500 63
501 64
502 58
503 64
504 64
505 55
506 42
507 64
508 64
509 53
510 63
511 51
512 63
513 59
514 63
515 61
516 49
517 56
518 62
519 52
520 52
521 64
522 64
523 50
524 49
525 47
526 39
527 63
528 59
529 52
530 64
531 62
532 58
533 56
534 64
535 45
536 52
537 54
538 60
539 58
540 59
541 52
542 64
543 56
544 60
545 51
546 26
547 62
548 59
549 37
550 57
551 55
552 49
553 61
554 56
555 43
556 44
557 54
558 48
559 34
560 64
561 61
562 58
563 57
564 61
565 55
566 60
567 63
568 64
569 51
570 64
571 47
572 40
573 62
574 57
575 57
576 62
577 51
578 62
579 64
580 59
581 64
582 52
583 49
584 45
585 35
586 64
587 55
588 63
589 64
590 64
591 62
592 45
593 59
594 41
595 64
596 58
597 55
598 55
599 60
600 48
601 60
602 49
603 64
604 53
605 54
606 44
607 51
608 62
609 59
610 46
611 59
612 63
613 44
614 62
615 48
616 64
617 52
618 60
619 45
620 52
621 55
622 63
623 56
624 58
625 64
626 62
627 61
628 63
629 64
630 59
631 64
632 64
633 58
634 49
635 62
636 37
637 60
638 52
639 63
640 49
641 59
642 49
643 64
644 64
645 60
646 61
647 64
648 59
649 57
650 48
651 54
652 25
653 59
654 59
655 51
656 64
657 60
658 61
659 61
660 52
661 36
662 63
663 56
664 64
665 64
666 40
667 64
668 22
669 60
670 56
671 61
672 45
673 33
674 49
675 46
676 56
677 35
678 53
679 39
680 57
681 45
682 63
683 61
684 63
685 61
686 64
687 64
688 64
689 47
690 36
691 63
692 64
693 58
694 42
695 58
696 58
697 59
698 54
699 57
700 47
701 48
702 60
703 61
704 63
705 61
706 61
707 62
708 49
709 46
710 64
711 59
712 63
713 62
714 60
715 58
716 62
717 56
718 55
719 59
720 64
721 64
722 46
723 57
724 60
725 55
726 40
727 44
728 56
729 49
730 61
731 40
732 64
733 63
734 59
735 64
736 50
737 58
738 57
739 51
740 56
741 54
742 64
743 46
744 56
745 43
746 36
747 60
748 64
749 58
750 49
751 48
752 47
753 56
754 49
755 64
756 64
757 55
758 64
759 64
760 54
761 61
762 37
763 53
764 57
765 46
766 29
767 56
768 49
769 56
770 50
771 61
772 48
773 64
774 59
775 31
776 45
777 57
778 44
779 61
780 47
781 52
782 64
783 63
784 54
785 46
786 56
787 55
788 38
789 53
790 61
791 46
792 55
793 57
794 49
795 56
796 64
797 53
798 41
799 53
800 64
801 53
802 51
803 46
804 51
805 63
806 53
807 61
808 40
809 62
810 64
811 58
812 49
813 57
814 64
815 50
816 54
817 61
818 55
819 62
820 42
821 63
822 62
823 62
824 63
825 30
826 64
827 55
828 39
829 56
830 54
831 62
832 58
833 53
834 61
835 55
836 57
837 54
838 57
839 64
840 61
841 60
842 58
843 62
844 64
845 57
846 60
847 62
848 64
849 38
850 46
851 54
852 55
853 62
854 61
855 48
856 56
857 64
858 63
859 60
860 64
861 47
862 42
863 39
864 62
865 57
866 55
867 40
868 61
869 56
870 40
871 54
872 56
873 46
874 64
875 64
876 50
877 37
878 54
879 59
880 54
881 62
882 61
883 64
884 59
885 64
886 50
887 58
888 64
889 64
890 50
891 64
892 52
893 63
894 53
895 35
896 64
897 60
898 64
899 60
900 59
901 59
902 64
903 61
904 55
905 50
906 57
907 44
908 49
909 64
910 63
911 49
912 48
913 61
914 57
915 46
916 57
917 60
918 60
919 48
920 45
921 58
922 54
923 53
924 64
925 57
926 49
927 54
928 52
929 48
930 51
931 64
932 62
933 50
934 64
935 52
936 56
937 60
938 38
939 61
940 63
941 38
942 63
943 52
944 64
945 53
946 64
947 60
948 55
949 59
950 23
951 44
952 59
953 35
954 59
955 64
956 60
957 25
958 62
959 42
960 54
961 64
962 36
963 32
964 49
965 55
966 62
967 62
968 44
969 58
970 61
971 52
972 61
973 59
974 47
975 60
976 64
977 58
978 62
979 60
980 64
981 57
982 64
983 64
984 60
985 34
986 60
987 61
988 47
989 41
990 62
991 48
992 37
993 56
994 60
995 42
996 64
997 45
998 62
999 54
