0 53
1 50
2 58
3 39
4 47
5 53
6 64
7 29
8 43
9 46
10 52
11 50
12 56
13 64
14 61
15 64
16 62
17 30
18 21
19 51
20 58
21 41
22 53
23 48
24 55
25 57
26 63
27 54
28 57
29 59
30 59
31 43
32 64
33 61
34 41
35 39
36 52
37 33
38 55
39 41
40 56
41 63
42 59
43 44
44 44
45 50
46 59
47 58
48 64
49 42
50 56
51 58
52 62
53 62
54 60
55 54
56 52
57 34
58 60
59 62
60 59
61 60
62 54
63 53
64 49
65 47
66 59
67 62
68 59
69 56
70 52
71 53
72 59
73 34
74 49
75 52
76 51
77 52
78 54
79 63
80 22
81 64
82 63
83 62
84 64
85 60
86 36
87 60
88 61
89 58
90 50
91 64
92 49
93 40
94 58
95 64
96 59
97 61
98 47
99 53
100 27
101 64
102 58
103 41
104 63
105 60
106 62
107 56
108 60
109 60
110 58
111 49
112 55
113 63
114 21
115 63
116 58
117 23
118 47
119 61
120 64
121 34
122 47
123 61
124 55
125 43
126 58
127 60
128 53
129 61
130 32
131 60
132 56
133 50
134 53
135 63
136 59
137 36
138 44
139 56
140 38
141 57
142 47
143 64
144 61
145 35
146 59
147 61
148 49
149 36
150 50
151 62
152 60
153 57
154 53
155 50
156 54
157 62
158 63
159 50
160 55
161 21
162 60
163 41
164 64
165 64
166 57
167 58
168 45
169 47
170 59
171 41
172 51
173 53
174 48
175 60
176 40
177 56
178 50
179 16
180 46
181 59
182 63
183 56
184 49
185 51
186 55
187 61
188 33
189 59
190 42
191 32
192 61
193 61
194 48
195 35
196 46
197 31
198 44
199 54
200 53
201 64
202 64
203 58
204 64
205 60
206 62
207 60
208 62
209 43
210 64
211 61
212 63
213 52
214 57
215 64
216 56
217 50
218 61
219 64
220 33
221 61
222 51
223 59
224 31
225 54
226 64
227 56
228 64
229 64
230 41
231 48
232 61
233 56
234 58
235 54
236 41
237 54
238 63
239 38
240 62
241 59
242 63
243 60
244 58
245 53
246 63
247 45
248 44
249 54
250 53
251 50
252 64
253 55
254 57
255 64
256 27
257 60
258 43
259 59
260 62
261 32
262 56
263 47
264 62
265 63
266 64
267 49
268 62
269 59
270 58
271 18
272 62
273 52
274 51
275 53
276 64
277 57
278 62
279 62
280 61
281 49
282 49
283 35
284 62
285 64
286 47
287 64
288 52
289 50
290 59
291 57
292 59
293 37
294 42
295 52
296 38
297 64
298 63
299 34
300 62
301 61
302 57
303 57
304 61
305 62
306 52
307 53
308 20
309 54
310 46
311 54
312 43
313 46
314 60
315 57
316 47
317 55
318 52
319 58
320 51
321 49
322 61
323 58
324 44
325 53
326 64
327 57
328 49
329 59
330 19
331 54
332 59
333 64
334 47
335 56
336 64
337 64
338 40
339 46
340 28
341 55
342 61
343 61
344 51
345 59
346 19
347 58
348 46
349 20
350 45
351 57
352 49
353 53
354 59
355 60
356 54
357 61
358 55
359 61
360 63
361 49
362 49
363 61
364 54
365 47
366 63
367 48
368 61
369 64
370 53
371 41
372 64
373 57
374 52
375 45
376 43
377 64
378 34
379 55
380 63
381 44
382 45
383 63
384 61
385 52
386 49
387 46
388 50
389 56
390 64
391 49
392 62
393 41
394 40
395 45
396 63
397 50
398 62
399 58
400 60
401 52
402 55
403 49
404 57
405 51
406 57
407 48
408 42
409 64
410 44
411 48
412 58
413 64
414 35
415 38
416 64
417 62
418 62
419 53
420 56
421 49
422 62
423 59
424 50
425 55
426 48
427 62
428 60
429 63
430 63
431 54
432 61
433 43
434 38
435 64
436 61
437 57
438 50
439 51
440 62
441 56
442 62
443 64
444 44
445 49
446 37
447 61
448 44
449 62
450 62
451 63
452 64
453 59
454 60
455 52
456 55
457 46
458 50
459 51
460 52
461 48
462 64
463 47
464 59
465 35
466 51
467 44
468 43
469 63
470 49
471 58
472 40
473 62
474 57
475 35
476 27
477 56
478 59
479 62
480 57
481 61
482 32
483 61
484 64
485 62
486 64
487 63
488 34
489 63
490 39
491 49
492 61
493 18
494 58
495 35
496 53
497 62
498 59
499 59
500 46
501 53
502 48
503 52
504 28
505 63
506 34
507 45
508 64
509 59
510 59
511 63
512 64
513 57
514 44
515 60
516 42
517 36
518 39
519 28
520 45
521 64
522 58
523 64
524 61
525 53
526 56
527 59
528 56
529 56
530 58
531 63
532 50
533 35
534 49
535 61
536 49
537 42
538 38
539 59
540 46
541 52
542 35
543 47
544 33
545 61
546 48
547 48
548 60
549 63
550 53
551 40
552 31
553 42
554 61
555 59
556 63
557 42
558 46
559 64
560 60
561 53
562 64
563 46
564 62
565 57
566 39
567 62
568 62
569 57
570 34
571 33
572 49
573 61
574 48
575 50
576 61
577 17
578 62
579 57
580 52
581 62
582 52
583 51
584 59
585 60
586 24
587 32
588 46
589 40
590 52
591 41
592 60
593 35
594 29
595 43
596 61
597 45
598 58
599 32
600 41
601 60
602 64
603 47
604 57
605 52
606 40
607 62
608 49
609 52
610 53
611 50
612 50
613 28
614 35
615 36
616 64
617 30
618 64
619 57
620 50
621 43
622 34
623 59
624 46
625 57
626 62
627 52
628 47
629 51
630 60
631 60
632 57
633 64
634 64
635 49
636 61
637 61
638 62
639 32
640 40
641 50
642 64
643 34
644 63
645 63
646 54
647 58
648 64
649 55
650 60
651 62
652 58
653 46
654 46
655 49
656 64
657 50
658 55
659 61
660 57
661 56
662 41
663 42
664 61
665 38
666 58
667 36
668 57
669 36
670 53
671 49
672 43
673 61
674 59
675 56
676 50
677 64
678 60
679 60
680 51
681 46
682 27
683 56
684 20
685 54
686 48
687 43
688 24
689 59
690 27
691 19
692 64
693 47
694 57
695 63
696 63
697 64
698 43
699 54
700 52
701 61
702 61
703 56
704 35
705 40
706 52
707 51
708 54
709 60
710 38
711 64
712 57
713 63
714 33
715 51
716 44
717 60
718 61
719 54
720 57
721 62
722 60
723 50
724 56
725 44
726 38
727 44
728 37
729 56
730 60
731 63
732 46
733 57
734 42
735 60
736 60
737 63
738 60
739 60
740 55
741 41
742 24
743 59
744 48
745 63
746 58
747 55
748 57
749 53
750 54
751 47
752 30
753 64
754 42
755 59
756 42
757 64
758 64
759 61
760 34
761 48
762 49
763 64
764 64
765 63
766 64
767 57
768 60
769 46
770 53
771 32
772 28
773 60
774 61
775 58
776 62
777 50
778 62
779 50
780 49
781 52
782 64
783 24
784 35
785 52
786 49
787 59
788 62
789 39
790 56
791 27
792 36
793 50
794 27
795 41
796 64
797 50
798 63
799 58
800 64
801 38
802 64
803 41
804 30
805 52
806 53
807 60
808 20
809 30
810 53
811 46
812 37
813 40
814 62
815 42
816 31
817 21
818 58
819 58
820 55
821 60
822 61
823 53
824 54
825 51
826 63
827 27
828 55
829 51
830 59
831 37
832 58
833 56
834 50
835 35
836 53
837 64
838 49
839 39
840 48
841 19
842 64
843 58
844 59
845 37
846 61
847 53
848 23
849 44
850 62
851 62
852 51
853 44
854 56
855 15
856 57
857 60
858 19
859 64
860 54
861 56
862 41
863 46
864 37
865 64
866 59
867 46
868 55
869 51
870 41
871 60
872 62
873 42
874 59
875 20
876 40
877 54
878 64
879 31
880 57
881 28
882 59
883 60
884 59
885 22
886 52
887 38
888 43
889 40
890 64
891 64
892 35
893 45
894 54
895 62
896 52
897 64
898 63
899 63
900 61
901 57
902 57
903 43
904 55
905 63
906 64
907 60
908 46
909 57
910 49
911 61
912 30
913 50
914 64
915 64
916 64
917 49
918 60
919 20
920 31
921 58
922 50
923 64
924 52
925 60
926 10
927 51
928 52
929 54
930 50
931 38
932 53
933 56
934 53
935 44
936 34
937 56
938 62
939 49
940 60
941 57
942 20
943 45
944 45
945 40
946 64
947 61
948 64
949 54
950 61
951 48
952 47
953 34
954 61
955 63
956 47
957 46
958 50
959 56
960 40
961 56
962 62
963 44
964 26
965 47
966 55
967 48
968 46
969 49
970 53
971 49
972 42
973 61
974 61
975 55
976 47
977 32
978 60
979 60
980 38
981 64
982 62
983 48
984 40
985 46
986 58
987 53
988 47
989 48
990 57
991 54
992 58
993 48
994 56
995 40
996 54
997 54
998 56
999 59
