0 64
1 62
2 62
3 60
4 52
5 62
6 50
7 58
8 61
9 53
10 59
11 63
12 56
13 64
14 63
15 58
16 61
17 51
18 63
19 56
20 56
21 64
22 52
23 62
24 54
25 62
26 63
27 64
28 61
29 50
30 60
31 55
32 58
33 58
34 40
35 64
36 60
37 64
38 55
39 55
40 62
41 62
42 64
43 55
44 64
45 64
46 64
47 57
48 63
49 58
50 55
51 45
52 63
53 58
54 57
55 52
56 61
57 46
58 64
59 60
60 64
61 57
62 63
63 56
64 50
65 63
66 57
67 64
68 62
69 46
70 61
71 61
72 64
73 62
74 59
75 62
76 56
77 61
78 55
79 64
80 63
81 64
82 50
83 57
84 63
85 64
86 61
87 55
88 58
89 58
90 61
91 60
92 62
93 56
94 55
95 49
96 60
97 60
98 64
99 61
100 59
101 62
102 60
103 64
104 57
105 61
106 64
107 62
108 58
109 56
110 47
111 51
112 61
113 59
114 64
115 61
116 53
117 55
118 54
119 61
120 59
121 59
122 57
123 64
124 60
125 61
126 64
127 47
128 49
129 64
130 61
131 62
132 61
133 47
134 57
135 47
136 41
137 55
138 64
139 52
140 61
141 57
142 59
143 54
144 64
145 64
146 63
147 61
148 56
149 64
150 55
151 56
152 64
153 62
154 64
155 49
156 64
157 58
158 61
159 49
160 64
161 59
162 56
163 59
164 57
165 61
166 64
167 62
168 59
169 55
170 58
171 57
172 48
173 63
174 64
175 60
176 58
177 63
178 64
179 50
180 54
181 59
182 58
183 64
184 61
185 64
186 39
187 58
188 63
189 64
190 63
191 64
192 63
193 64
194 60
195 61
196 63
197 54
198 57
199 53
200 51
201 61
202 56
203 64
204 61
205 58
206 61
207 57
208 64
209 60
210 55
211 64
212 64
213 56
214 58
215 52
216 59
217 59
218 43
219 64
220 63
221 63
222 64
223 58
224 51
225 58
226 46
227 61
228 64
229 64
230 63
231 58
232 64
233 54
234 64
235 63
236 63
237 64
238 64
239 64
240 53
241 62
242 63
243 63
244 56
245 59
246 64
247 60
248 57
249 64
250 61
251 64
252 64
253 64
254 64
255 48
256 64
257 58
258 58
259 58
260 63
261 55
262 63
263 56
264 63
265 52
266 64
267 49
268 49
269 59
270 62
271 61
272 61
273 64
274 55
275 60
276 60
277 40
278 62
279 56
280 54
281 57
282 59
283 59
284 60
285 64
286 64
287 61
288 59
289 63
290 54
291 63
292 64
293 64
294 58
295 64
296 64
297 57
298 58
299 61
300 64
301 59
302 57
303 61
304 64
305 55
306 62
307 64
308 59
309 61
310 61
311 55
312 53
313 60
314 62
315 51
316 64
317 63
318 48
319 61
320 64
321 56
322 48
323 59
324 64
325 61
326 52
327 59
328 64
329 63
330 48
331 64
332 62
333 64
334 61
335 63
336 61
337 39
338 64
339 64
340 54
341 54
342 48
343 64
344 58
345 58
346 48
347 64
348 63
349 60
350 64
351 55
352 64
353 56
354 56
355 62
356 62
357 54
358 64
359 61
360 55
361 64
362 62
363 59
364 53
365 60
366 52
367 64
368 57
369 63
370 60
371 62
372 61
373 60
374 64
375 63
376 54
377 63
378 63
379 61
380 43
381 63
382 60
383 63
384 63
385 64
386 64
387 57
388 52
389 56
390 60
391 62
392 64
393 64
394 64
395 64
396 64
397 56
398 59
399 58
400 63
401 54
402 60
403 55
404 62
405 64
406 57
407 64
408 64
409 46
410 49
411 57
412 53
413 64
414 52
415 58
416 61
417 60
418 64
419 60
420 59
421 62
422 63
423 62
424 64
425 45
426 51
427 64
428 64
429 44
430 62
431 55
432 61
433 58
434 60
435 64
436 62
437 63
438 64
439 61
440 63
441 61
442 51
443 59
444 51
445 64
446 59
447 54
448 59
449 55
450 61
451 52
452 63
453 62
454 59
455 57
456 50
457 47
458 52
459 52
460 49
461 64
462 58
463 62
464 51
465 63
466 55
467 61
468 64
469 64
470 59
471 57
472 61
473 56
474 62
475 55
476 55
477 64
478 62
479 64
480 38
481 55
482 57
483 57
484 63
485 64
486 60
487 63
488 61
489 56
490 57
491 57
492 51
493 50
494 62
495 48
496 64
497 60
498 60
499 53
500 60
501 45
502 61
503 64
504 58
505 55
506 63
507 53
508 59
509 63
510 53
511 54
512 63
513 64
514 64
515 61
516 64
517 53
518 57
519 59
520 64
521 47
522 61
523 59
524 58
525 62
526 62
527 60
528 64
529 63
530 63
531 59
532 62
533 62
534 60
535 63
536 59
537 60
538 64
539 60
540 63
541 58
542 63
543 57
544 60
545 61
546 55
547 53
548 60
549 59
550 50
551 64
552 62
553 60
554 60
555 61
556 43
557 61
558 55
559 62
560 63
561 58
562 63
563 63
564 62
565 57
566 62
567 55
568 59
569 63
570 53
571 61
572 60
573 64
574 63
575 53
576 60
577 61
578 60
579 60
580 59
581 64
582 49
583 64
584 64
585 53
586 55
587 57
588 64
589 64
590 63
591 61
592 62
593 63
594 64
595 49
596 59
597 59
598 62
599 58
600 63
601 35
602 62
603 54
604 62
605 64
606 64
607 59
608 64
609 55
610 62
611 56
612 60
613 59
614 64
615 64
616 64
617 64
618 57
619 64
620 64
621 64
622 64
623 63
624 62
625 61
626 60
627 57
628 63
629 61
630 64
631 60
632 58
633 48
634 62
635 59
636 47
637 54
638 60
639 64
640 58
641 64
642 58
643 61
644 52
645 58
646 60
647 60
648 63
649 62
650 62
651 59
652 63
653 60
654 64
655 62
656 60
657 56
658 64
659 56
660 61
661 47
662 55
663 60
664 63
665 64
666 60
667 64
668 56
669 56
670 60
671 59
672 64
673 62
674 55
675 53
676 64
677 64
678 62
679 57
680 60
681 54
682 62
683 47
684 64
685 64
686 64
687 55
688 61
689 62
690 56
691 62
692 59
693 64
694 57
695 64
696 61
697 63
698 48
699 57
700 64
701 64
702 54
703 48
704 60
705 63
706 55
707 64
708 61
709 60
710 61
711 64
712 58
713 59
714 63
715 64
716 56
717 57
718 63
719 64
720 55
721 57
722 50
723 63
724 64
725 63
726 61
727 62
728 57
729 63
730 56
731 58
732 54
733 59
734 55
735 63
736 50
737 63
738 55
739 63
740 62
741 63
742 64
743 64
744 63
745 51
746 60
747 60
748 62
749 63
750 55
751 64
752 50
753 64
754 59
755 53
756 64
757 58
758 56
759 60
760 60
761 64
762 54
763 63
764 61
765 59
766 64
767 63
768 46
769 52
770 64
771 59
772 57
773 64
774 44
775 61
776 58
777 62
778 64
779 48
780 47
781 59
782 57
783 62
784 53
785 56
786 62
787 63
788 53
789 63
790 64
791 61
792 62
793 61
794 61
795 62
796 64
797 57
798 64
799 57
800 62
801 43
802 48
803 59
804 63
805 61
806 63
807 61
808 60
809 57
810 64
811 59
812 64
813 52
814 64
815 63
816 64
817 57
818 61
819 61
820 64
821 64
822 60
823 50
824 60
825 57
826 61
827 64
828 63
829 62
830 64
831 55
832 57
833 62
834 56
835 63
836 59
837 64
838 61
839 62
840 59
841 56
842 64
843 64
844 64
845 57
846 56
847 62
848 53
849 61
850 57
851 52
852 57
853 64
854 64
855 64
856 57
857 56
858 51
859 59
860 53
861 63
862 64
863 64
864 58
865 63
866 62
867 48
868 52
869 60
870 62
871 61
872 64
873 61
874 57
875 60
876 64
877 64
878 61
879 51
880 60
881 61
882 53
883 62
884 64
885 56
886 58
887 54
888 57
889 59
890 64
891 61
892 54
893 57
894 61
895 64
896 64
897 59
898 50
899 63
900 52
901 55
902 55
903 62
904 56
905 57
906 52
907 61
908 64
909 62
910 64
911 57
912 64
913 55
914 51
915 64
916 48
917 61
918 63
919 42
920 63
921 48
922 64
923 64
924 64
925 61
926 59
927 62
928 57
929 64
930 56
931 57
932 57
933 60
934 61
935 58
936 61
937 61
938 61
939 63
940 62
941 64
942 62
943 60
944 62
945 59
946 63
947 56
948 58
949 64
950 62
951 62
952 64
953 51
954 63
955 48
956 61
957 62
958 61
959 64
960 64
961 60
962 64
963 61
964 62
965 62
966 61
967 64
968 57
969 39
970 45
971 62
972 55
973 64
974 62
975 64
976 62
977 55
978 64
979 62
980 64
981 43
982 63
983 59
984 49
985 61
986 61
987 45
988 64
989 59
990 39
991 49
992 64
993 49
994 58
995 61
996 44
997 50
998 59
999 57
