0 63
1 62
2 62
3 62
4 60
5 64
6 64
7 52
8 48
9 61
10 53
11 63
12 63
13 57
14 64
15 55
16 64
17 62
18 61
19 56
20 60
21 57
22 60
23 57
24 59
25 62
26 64
27 59
28 64
29 62
30 61
31 60
32 64
33 48
34 55
35 61
36 64
37 56
38 51
39 57
40 63
41 63
42 63
43 57
44 57
45 64
46 62
47 52
48 58
49 64
50 64
51 58
52 58
53 64
54 50
55 64
56 61
57 60
58 64
59 64
60 64
61 64
62 62
63 58
64 63
65 61
66 64
67 55
68 61
69 57
70 63
71 47
72 64
73 48
74 62
75 63
76 64
77 62
78 51
79 64
80 61
81 54
82 61
83 56
84 45
85 64
86 64
87 53
88 62
89 63
90 55
91 56
92 61
93 57
94 61
95 64
96 50
97 64
98 64
99 62
100 64
101 61
102 59
103 54
104 64
105 59
106 64
107 64
108 62
109 57
110 64
111 60
112 57
113 59
114 57
115 52
116 57
117 61
118 44
119 63
120 62
121 63
122 57
123 55
124 58
125 64
126 63
127 64
128 57
129 60
130 64
131 64
132 53
133 58
134 60
135 46
136 61
137 64
138 63
139 63
140 57
141 64
142 60
143 61
144 64
145 64
146 57
147 56
148 60
149 60
150 58
151 63
152 64
153 63
154 53
155 64
156 57
157 58
158 47
159 49
160 57
161 60
162 36
163 64
164 58
165 64
166 60
167 56
168 62
169 62
170 42
171 59
172 64
173 62
174 57
175 64
176 59
177 61
178 57
179 63
180 54
181 63
182 61
183 60
184 64
185 56
186 40
187 63
188 63
189 61
190 62
191 51
192 64
193 51
194 62
195 58
196 64
197 58
198 64
199 57
200 61
201 59
202 60
203 63
204 54
205 55
206 44
207 60
208 58
209 62
210 62
211 59
212 63
213 63
214 63
215 64
216 63
217 62
218 50
219 58
220 64
221 45
222 63
223 62
224 64
225 59
226 64
227 64
228 57
229 62
230 61
231 57
232 63
233 63
234 57
235 61
236 59
237 60
238 58
239 58
240 64
241 64
242 56
243 56
244 52
245 64
246 40
247 63
248 63
249 56
250 60
251 63
252 63
253 58
254 63
255 64
256 64
257 52
258 64
259 64
260 64
261 64
262 56
263 53
264 60
265 62
266 56
267 63
268 59
269 54
270 61
271 64
272 55
273 64
274 63
275 54
276 64
277 57
278 64
279 64
280 64
281 60
282 48
283 64
284 62
285 58
286 61
287 61
288 60
289 64
290 64
291 60
292 63
293 60
294 49
295 64
296 63
297 62
298 57
299 42
300 64
301 60
302 56
303 63
304 60
305 60
306 38
307 57
308 62
309 64
310 52
311 47
312 61
313 63
314 64
315 58
316 64
317 53
318 57
319 60
320 59
321 57
322 64
323 38
324 59
325 62
326 32
327 60
328 64
329 60
330 57
331 60
332 62
333 61
334 51
335 61
336 54
337 52
338 62
339 62
340 43
341 63
342 59
343 64
344 62
345 56
346 58
347 59
348 64
349 64
350 64
351 42
352 58
353 61
354 61
355 58
356 63
357 59
358 55
359 64
360 61
361 64
362 61
363 59
364 53
365 55
366 60
367 63
368 59
369 62
370 50
371 63
372 53
373 57
374 64
375 58
376 64
377 57
378 64
379 61
380 64
381 64
382 41
383 55
384 56
385 50
386 55
387 63
388 60
389 59
390 62
391 63
392 58
393 63
394 52
395 61
396 49
397 50
398 61
399 63
400 64
401 45
402 57
403 58
404 64
405 63
406 58
407 45
408 58
409 62
410 47
411 56
412 64
413 53
414 62
415 48
416 54
417 59
418 44
419 64
420 58
421 45
422 64
423 64
424 61
425 60
426 64
427 60
428 63
429 53
430 48
431 63
432 58
433 61
434 55
435 57
436 64
437 59
438 58
439 61
440 50
441 58
442 64
443 52
444 63
445 54
446 51
447 62
448 61
449 63
450 57
451 62
452 62
453 60
454 64
455 62
456 52
457 49
458 53
459 63
460 62
461 64
462 53
463 62
464 59
465 64
466 62
467 51
468 63
469 64
470 45
471 62
472 58
473 60
474 55
475 62
476 61
477 54
478 63
479 61
480 62
481 64
482 63
483 48
484 60
485 64
486 54
487 64
488 57
489 54
490 62
491 56
492 61
493 57
494 64
495 61
496 60
497 62
498 62
499 53
500 58
501 57
502 59
503 38
504 54
505 60
506 61
507 64
508 59
509 63
510 49
511 53
512 64
513 53
514 62
515 49
516 56
517 64
518 64
519 57
520 64
521 64
522 54
523 64
524 53
525 61
526 64
527 59
528 59
529 47
530 63
531 54
532 64
533 58
534 64
535 59
536 56
537 55
538 58
539 59
540 60
541 53
542 60
543 64
544 46
545 57
546 63
547 55
548 46
549 61
550 64
551 45
552 46
553 47
554 57
555 60
556 55
557 63
558 51
559 55
560 61
561 48
562 64
563 55
564 63
565 63
566 57
567 61
568 64
569 57
570 49
571 64
572 64
573 64
574 56
575 62
576 61
577 42
578 62
579 56
580 49
581 58
582 64
583 62
584 64
585 50
586 61
587 64
588 64
589 32
590 64
591 63
592 37
593 64
594 54
595 60
596 56
597 62
598 64
599 54
600 64
601 64
602 63
603 64
604 64
605 63
606 64
607 64
608 62
609 53
610 61
611 61
612 64
613 55
614 62
615 64
616 64
617 60
618 60
619 60
620 52
621 58
622 63
623 61
624 52
625 42
626 64
627 64
628 63
629 38
630 60
631 58
632 64
633 62
634 57
635 64
636 62
637 63
638 64
639 58
640 64
641 62
642 63
643 62
644 60
645 57
646 52
647 59
648 64
649 64
650 52
651 49
652 55
653 61
654 64
655 58
656 61
657 58
658 64
659 55
660 64
661 64
662 59
663 58
664 62
665 51
666 49
667 57
668 64
669 63
670 64
671 63
672 55
673 60
674 55
675 61
676 56
677 48
678 62
679 55
680 62
681 62
682 56
683 50
684 57
685 59
686 61
687 59
688 63
689 64
690 60
691 45
692 63
693 64
694 59
695 47
696 61
697 58
698 62
699 63
700 61
701 64
702 64
703 61
704 63
705 56
706 64
707 62
708 64
709 64
710 42
711 56
712 64
713 51
714 64
715 61
716 58
717 63
718 56
719 62
720 63
721 60
722 63
723 61
724 64
725 61
726 60
727 58
728 62
729 42
730 61
731 59
732 62
733 63
734 58
735 60
736 58
737 64
738 64
739 58
740 58
741 60
742 41
743 53
744 64
745 62
746 49
747 62
748 63
749 64
750 64
751 61
752 59
753 41
754 49
755 56
756 59
757 62
758 64
759 64
760 49
761 64
762 52
763 62
764 63
765 62
766 63
767 64
768 46
769 60
770 62
771 63
772 62
773 61
774 46
775 53
776 64
777 55
778 63
779 62
780 59
781 62
782 61
783 57
784 46
785 59
786 62
787 64
788 64
789 64
790 46
791 61
792 58
793 42
794 63
795 64
796 47
797 64
798 64
799 54
800 59
801 61
802 55
803 60
804 59
805 48
806 62
807 59
808 64
809 61
810 52
811 64
812 64
813 60
814 64
815 64
816 59
817 59
818 56
819 64
820 64
821 64
822 60
823 37
824 43
825 55
826 60
827 59
828 64
829 63
830 54
831 62
832 62
833 60
834 49
835 63
836 59
837 54
838 54
839 58
840 61
841 63
842 60
843 55
844 64
845 64
846 62
847 62
848 56
849 64
850 64
851 63
852 52
853 57
854 63
855 61
856 61
857 64
858 63
859 58
860 63
861 50
862 52
863 61
864 47
865 64
866 56
867 43
868 53
869 59
870 64
871 64
872 57
873 55
874 60
875 63
876 63
877 56
878 62
879 63
880 55
881 62
882 64
883 64
884 63
885 63
886 63
887 57
888 54
889 59
890 64
891 59
892 58
893 64
894 64
895 63
896 59
897 50
898 63
899 64
900 53
901 57
902 47
903 59
904 60
905 63
906 45
907 53
908 62
909 52
910 51
911 64
912 54
913 58
914 57
915 54
916 56
917 64
918 59
919 59
920 64
921 64
922 64
923 62
924 53
925 61
926 60
927 62
928 60
929 56
930 55
931 58
932 64
933 64
934 57
935 59
936 62
937 64
938 61
939 61
940 64
941 46
942 62
943 63
944 63
945 60
946 64
947 58
948 54
949 42
950 58
951 64
952 61
953 56
954 64
955 63
956 61
957 64
958 53
959 64
960 63
961 64
962 63
963 64
964 63
965 63
966 63
967 58
968 64
969 61
970 61
971 60
972 59
973 60
974 49
975 61
976 60
977 60
978 58
979 64
980 63
981 62
982 64
983 52
984 64
985 64
986 53
987 64
988 51
989 47
990 64
991 50
992 60
993 64
994 61
995 56
996 59
997 51
998 52
999 59
